cppcheck Collatz.c++
Checking Collatz.c++ ...
cppcheck RunCollatz.c++
Checking RunCollatz.c++ ...
g++-9 -fprofile-arcs -ftest-coverage -pedantic -std=c++17 -O3 -Wall -Wextra Collatz.c++ RunCollatz.c++ -o RunCollatz
./RunCollatz < RunCollatz.in > RunCollatz.tmp
diff RunCollatz.tmp RunCollatz.out
1,163c1,4
< 2 2 7 9 3
< 2 2 2 4 4
< 4 4 4 8 5
< 3 9 2 11 6
< 11 32589 3 32592 7
< 4 4 2 6 8
< 14 1 3 4 9
< 1 10 32592
< 233 0 5 5 103
< 269 0 10 10 105
< 242 649552632 5 649552637 107
< 107 649552637 14 649552651 108
< 107 649552637 14 649552651 109
< 107 649552637 14 649552651 110
< 377 32766 7 32773 111
< 101 26 9 35 118
< 269 0 5 5 119
< 206 649552336 8 649552344 121
< 278 0 5 5 123
< 107 649552637 9 649552646 124
< 107 649552637 9 649552646 125
< 215 0 8 8 126
< 287 0 5 5 127
< 110 649552651 9 649552660 129
< 296 0 5 5 131
< 100 26 4 30 133
< 101 26 4 30 134
< 203 200 3 203 135
< 206 649552336 3 649552339 137
< 104 13 4 17 138
< 209 0 3 3 139
< 212 6318048 3 6318051 141
< 107 649552637 4 649552641 142
< 215 0 3 3 143
< 218 7 3 10 145
< 110 649552651 4 649552655 146
< 221 3158066 3 3158069 147
< 224 0 3 3 149
< 113 13 4 17 150
< 227 0 3 3 151
< 230 649552624 3 649552627 153
< 116 21 4 25 154
< 233 0 3 3 155
< 134 30 9 39 156
< 236 0 3 3 157
< 119 5 4 9 158
< 239 32589 3 32592 159
< 242 649552632 3 649552635 161
< 122 21 4 25 162
< 245 1 3 4 163
< 107 649552637 12 649552649 164
< 248 0 3 3 165
< 125 649552646 4 649552650 166
< 377 32766 5 32771 167
< 254 649552624 3 649552627 169
< 128 8 4 12 170
< 257 0 3 3 171
< 130 29 4 33 173
< 131 5 4 9 174
< 263 1118708529 3 1118708532 175
< 266 0 3 3 177
< 134 30 4 34 178
< 269 0 3 3 179
< 136 16 4 20 181
< 137 649552339 4 649552343 182
< 275 0 3 3 183
< 278 0 3 3 185
< 140 16 4 20 186
< 281 0 3 3 187
< 107 649552637 7 649552644 188
< 284 649552624 3 649552627 189
< 143 3 4 7 190
< 287 0 3 3 191
< 290 28 3 31 193
< 146 649552655 4 649552659 194
< 293 0 3 3 195
< 296 0 3 3 197
< 149 3 4 7 198
< 299 32766 3 32769 199
< 100 200 1118708532
< 302 28 3 31 201
< 305 0 3 3 203
< 308 0 3 3 205
< 233 3158322 6 3158328 206
< 311 32766 3 32769 207
< 314 649558157 3 649558160 209
< 201 210 649558160
< 1457 0 21 21 900
< 1352 0 3 3 901
< 1016 649552336 6 649552342 902
< 1355 0 3 3 903
< 1358 0 3 3 905
< 1361 0 3 3 907
< 1364 0 3 3 909
< 1025 0 6 6 910
< 1367 0 3 3 911
< 1370 0 3 3 913
< 1160 649558934 11 649558945 914
< 1373 0 3 3 915
< 1376 0 3 3 917
< 1034 4201851 6 4201857 918
< 1379 0 3 3 919
< 1382 0 3 3 921
< 1385 0 3 3 923
< 1322 0 16 16 924
< 1388 0 3 3 925
< 1043 32766 6 32772 926
< 1391 0 3 3 927
< 1394 0 3 3 929
< 1397 0 3 3 931
< 1079 0 37 37 932
< 1400 0 3 3 933
< 1052 4201952 6 4201958 934
< 1403 0 3 3 935
< 1406 0 3 3 937
< 1409 0 3 3 939
< 1079 0 81 81 940
< 1412 0 3 3 941
< 1061 1137292528 6 1137292534 942
< 1415 0 3 3 943
< 1418 0 3 3 945
< 1421 0 3 3 947
< 1424 0 3 3 949
< 1205 32766 11 32777 950
< 1427 0 3 3 951
< 1430 0 3 3 953
< 1433 0 3 3 955
< 1214 649559857 11 649559868 956
< 1436 0 3 3 957
< 1079 0 6 6 958
< 1439 0 3 3 959
< 1442 0 3 3 961
< 917 3 14 17 962
< 1445 0 3 3 963
< 1448 0 3 3 965
< 1088 649552616 6 649552622 966
< 1451 0 3 3 967
< 1079 0 50 50 968
< 1454 0 3 3 969
< 1079 0 50 50 970
< 1457 0 3 3 971
< 1079 0 50 50 972
< 1460 0 3 3 973
< 1097 0 6 6 974
< 1463 0 3 3 975
< 1466 0 3 3 977
< 1241 0 11 11 978
< 1469 0 3 3 979
< 1472 0 3 3 981
< 1106 649558192 6 649558198 982
< 1475 0 3 3 983
< 1478 0 3 3 985
< 1481 0 3 3 987
< 1484 0 3 3 989
< 1115 32766 6 32772 990
< 1487 0 3 3 991
< 1079 0 63 63 992
< 1490 0 3 3 993
< 1493 0 3 3 995
< 1496 0 3 3 997
< 1124 649558355 6 649558361 998
< 1499 0 3 3 999
< 900 1000 1137292534
---
> 1 10 11
> 100 200 300
> 201 210 411
> 900 1000 1900
makefile:79: recipe for target 'RunCollatz.c++x' failed
cppcheck Collatz.c++
Checking Collatz.c++ ...
cppcheck TestCollatz.c++
Checking TestCollatz.c++ ...
g++-9 -fprofile-arcs -ftest-coverage -pedantic -std=c++17 -O3 -Wall -Wextra Collatz.c++ TestCollatz.c++ -o TestCollatz -lgtest -lgtest_main -pthread
valgrind ./TestCollatz
Running main() from gtest_main.cc
[==========] Running 7 tests from 1 test case.
[----------] Global test environment set-up.
[----------] 7 tests from CollatzFixture
[ RUN      ] CollatzFixture.read
[       OK ] CollatzFixture.read (12 ms)
[ RUN      ] CollatzFixture.eval_1
2 2 7 9 3
2 2 2 4 4
4 4 4 8 5
3 9 2 11 6
11 776457634 3 776457637 7
4 4 2 6 8
14 0 3 3 9
TestCollatz.c++:43: Failure
      Expected: v
      Which is: 776457637
To be equal to: 20
[  FAILED  ] CollatzFixture.eval_1 (33 ms)
[ RUN      ] CollatzFixture.eval_2
233 0 5 5 103
269 31 10 41 105
242 4396269 5 4396274 107
107 4396274 14 4396288 108
107 4396274 14 4396288 109
107 4396274 14 4396288 110
251 0 5 5 111
101 26 9 35 118
269 31 5 36 119
206 0 8 8 121
278 0 5 5 123
107 4396274 9 4396283 124
107 4396274 9 4396283 125
215 0 8 8 126
287 0 5 5 127
110 4396288 9 4396297 129
296 17 5 22 131
200 4310608 3 4310611 133
101 26 4 30 134
203 0 3 3 135
206 0 3 3 137
104 13 4 17 138
209 0 3 3 139
106 13 4 17 141
107 4396274 4 4396278 142
215 0 3 3 143
218 4365920 3 4365923 145
110 4396288 4 4396292 146
221 31 3 34 147
112 21 4 25 149
113 13 4 17 150
227 31 3 34 151
230 4423637 3 4423640 153
116 21 4 25 154
233 0 3 3 155
134 30 9 39 156
236 4495003 3 4495006 157
119 36 4 40 158
239 0 3 3 159
242 4396269 3 4396272 161
122 21 4 25 162
245 0 3 3 163
107 4396274 12 4396286 164
248 4495003 3 4495006 165
125 4396283 4 4396287 166
251 0 3 3 167
254 98508320 3 98508323 169
128 8 4 12 170
257 0 3 3 171
130 29 4 33 173
131 22 4 26 174
263 0 3 3 175
266 1336146688 3 1336146691 177
134 30 4 34 178
269 31 3 34 179
136 16 4 20 181
137 3 4 7 182
275 0 3 3 183
278 0 3 3 185
140 16 4 20 186
281 0 3 3 187
107 4396274 7 4396281 188
284 0 3 3 189
143 3 4 7 190
287 0 3 3 191
290 0 3 3 193
146 4396292 4 4396296 194
293 0 3 3 195
296 17 3 20 197
149 25 4 29 198
299 0 3 3 199
TestCollatz.c++:48: Failure
      Expected: v
      Which is: 1336146691
To be equal to: 125
[  FAILED  ] CollatzFixture.eval_2 (5 ms)
[ RUN      ] CollatzFixture.eval_3
302 0 3 3 201
305 0 3 3 203
308 17 3 20 205
233 31 6 37 206
311 0 3 3 207
314 4280526 3 4280529 209
TestCollatz.c++:53: Failure
      Expected: v
      Which is: 4280529
To be equal to: 89
[  FAILED  ] CollatzFixture.eval_3 (3 ms)
[ RUN      ] CollatzFixture.eval_4
1457 31 21 52 900
1457 31 21 52 901
1016 0 6 6 902
1355 31 3 34 903
1019 0 6 6 905
1361 31 3 34 907
1025 31 6 37 910
1367 31 3 34 911
1079 0 81 81 913
1079 0 81 81 914
1373 31 3 34 915
1034 0 6 6 918
1379 31 3 34 919
1037 0 6 6 921
1385 31 3 34 923
1322 28 16 44 924
1322 28 16 44 925
1043 0 6 6 926
1391 31 3 34 927
1046 0 6 6 929
1397 31 3 34 931
1079 0 37 37 932
1079 0 37 37 933
1052 0 6 6 934
1403 31 3 34 935
1055 0 6 6 937
1409 31 3 34 939
1079 0 81 81 940
1079 0 81 81 941
1061 31 6 37 942
1415 31 3 34 943
1421 31 3 34 947
1070 0 6 6 950
1427 31 3 34 951
1073 31 6 37 953
1433 31 3 34 955
1214 0 11 11 956
1214 0 11 11 957
1079 0 6 6 958
1439 31 3 34 959
1082 98586720 6 98586726 961
917 37 14 51 962
1445 31 3 34 963
1451 31 3 34 967
1079 0 50 50 968
1091 0 6 6 969
1079 0 50 50 970
1457 31 3 34 971
1079 0 50 50 972
1079 0 50 50 973
1097 0 6 6 974
1463 31 3 34 975
1466 0 3 3 977
1241 0 11 11 978
1469 0 3 3 979
1472 16 3 19 981
1106 98512096 6 98512102 982
1475 0 3 3 983
1478 4096 3 4099 985
1481 0 3 3 987
1484 3 3 6 989
1115 0 6 6 990
1487 0 3 3 991
1079 0 63 63 992
1490 56 3 59 993
1493 0 3 3 995
1496 7 3 10 997
1124 4366504 6 4366510 998
1499 0 3 3 999
TestCollatz.c++:58: Failure
      Expected: v
      Which is: 98586726
To be equal to: 174
[  FAILED  ] CollatzFixture.eval_4 (3 ms)
[ RUN      ] CollatzFixture.print
[       OK ] CollatzFixture.print (3 ms)
[ RUN      ] CollatzFixture.solve
2 2 7 9 3
2 2 2 4 4
4 4 4 8 5
3 9 2 11 6
11 0 3 3 7
4 4 2 6 8
14 1 3 4 9
233 0 5 5 103
269 0 10 10 105
242 0 5 5 107
107 5 14 19 108
107 5 14 19 109
107 5 14 19 110
251 0 5 5 111
260 0 5 5 115
101 26 9 35 118
269 0 5 5 119
103 5 9 14 121
278 0 5 5 123
107 5 9 14 124
107 5 9 14 125
215 0 8 8 126
287 0 5 5 127
110 19 9 28 129
296 0 5 5 131
200 86083024 3 86083027 133
101 26 4 30 134
203 200 3 203 135
103 5 4 9 137
104 13 4 17 138
209 0 3 3 139
106 13 4 17 141
107 5 4 9 142
215 0 3 3 143
218 7 3 10 145
110 19 4 23 146
221 3158066 3 3158069 147
224 86054656 3 86054659 149
113 13 4 17 150
227 0 3 3 151
115 5 4 9 153
116 21 4 25 154
233 0 3 3 155
134 30 9 39 156
236 0 3 3 157
119 5 4 9 158
239 0 3 3 159
242 0 3 3 161
122 21 4 25 162
245 0 3 3 163
107 5 12 17 164
248 0 3 3 165
125 14 4 18 166
251 0 3 3 167
254 6724936 3 6724939 169
128 8 4 12 170
257 0 3 3 171
260 0 3 3 173
131 5 4 9 174
263 31 3 34 175
133 86083027 4 86083031 177
134 30 4 34 178
269 0 3 3 179
136 16 4 20 181
137 9 4 13 182
275 0 3 3 183
278 0 3 3 185
140 16 4 20 186
281 0 3 3 187
107 5 7 12 188
284 0 3 3 189
143 3 4 7 190
287 0 3 3 191
290 0 3 3 193
146 23 4 27 194
293 0 3 3 195
296 0 3 3 197
149 86054659 4 86054663 198
299 0 3 3 199
302 0 3 3 201
305 0 3 3 203
308 0 3 3 205
233 3158322 6 3158328 206
311 0 3 3 207
314 0 3 3 209
1457 1 21 22 900
1352 4366504 3 4366507 901
1457 1 21 22 902
1355 0 3 3 903
1358 4282305 3 4282308 905
1361 0 3 3 907
1025 0 6 6 910
1367 0 3 3 911
1370 743219457 3 743219460 913
1160 0 11 11 914
1373 31 3 34 915
1376 4310608 3 4310611 917
1034 4234925 6 4234931 918
1379 0 3 3 919
1382 0 3 3 921
1385 31 3 34 923
1322 0 16 16 924
1322 0 16 16 925
1043 0 6 6 926
1391 0 3 3 927
1394 4394502 3 4394505 929
1397 0 3 3 931
1079 3158066 37 3158103 932
1079 3158066 37 3158103 933
1052 6724576 6 6724582 934
1403 0 3 3 935
1406 98508976 3 98508979 937
1409 365 3 368 939
1079 3158066 81 3158147 940
1412 6739040 3 6739043 941
1061 0 6 6 942
1415 0 3 3 943
1418 4429229 3 4429232 945
1421 0 3 3 947
1424 4497248 3 4497251 949
1070 16 6 22 950
1427 0 3 3 951
1430 4399919 3 4399922 953
1433 0 3 3 955
1214 0 11 11 956
1436 4497248 3 4497251 957
1079 3158066 6 3158072 958
1439 0 3 3 959
1442 0 3 3 961
917 4310611 14 4310625 962
1445 31 3 34 963
1088 0 6 6 966
1451 0 3 3 967
1079 3158066 50 3158116 968
1454 1336146688 3 1336146691 969
1079 3158066 50 3158116 970
1457 1 3 4 971
1079 3158066 50 3158116 972
1079 3158066 50 3158116 973
1097 0 6 6 974
1463 0 3 3 975
1466 6739456 3 6739459 977
1241 0 11 11 978
1469 0 3 3 979
1472 0 3 3 981
1106 0 6 6 982
1475 776457634 3 776457637 983
1478 0 3 3 985
1481 0 3 3 987
1115 0 6 6 990
1487 0 3 3 991
1079 3158066 63 3158129 992
1490 4482205 3 4482208 993
1493 31 3 34 995
1496 4488736 3 4488739 997
1124 0 6 6 998
1499 0 3 3 999
TestCollatz.c++:79: Failure
      Expected: "1 10 20\n100 200 125\n201 210 89\n900 1000 174\n"
To be equal to: w.str()
      Which is: "1 10 11\n100 200 86083031\n201 210 3158328\n900 1000 1336146691\n"
With diff:
@@ -1,4 +1,4 @@
-1 10 20
-100 200 125
-201 210 89
-900 1000 174\n
+1 10 11
+100 200 86083031
+201 210 3158328
+900 1000 1336146691\n

[  FAILED  ] CollatzFixture.solve (84 ms)
[----------] 7 tests from CollatzFixture (150 ms total)

[----------] Global test environment tear-down
[==========] 7 tests from 1 test case ran. (180 ms total)
[  PASSED  ] 2 tests.
[  FAILED  ] 5 tests, listed below:
[  FAILED  ] CollatzFixture.eval_1
[  FAILED  ] CollatzFixture.eval_2
[  FAILED  ] CollatzFixture.eval_3
[  FAILED  ] CollatzFixture.eval_4
[  FAILED  ] CollatzFixture.solve

 5 FAILED TESTS
makefile:88: recipe for target 'TestCollatz.c++x' failed
